0.03125 3.0517578125E-05 0.463636363636364
0.03125 0.0001220703125 0.463636363636364
0.03125 0.00048828125 0.463636363636364
0.03125 0.001953125 0.463636363636364
0.03125 0.0078125 0.463636363636364
0.03125 0.03125 0.463636363636364
0.03125 0.125 0.463636363636364
0.03125 0.5 0.463636363636364
0.03125 2 0.463636363636364
0.03125 8 0.463636363636364
0.125 3.0517578125E-05 0.463636363636364
0.125 0.0001220703125 0.463636363636364
0.125 0.00048828125 0.463636363636364
0.125 0.001953125 0.463636363636364
0.125 0.0078125 0.463636363636364
0.125 0.03125 0.463636363636364
0.125 0.125 0.463636363636364
0.125 0.5 0.463636363636364
0.125 2 0.463636363636364
0.125 8 0.5
0.5 3.0517578125E-05 0.463636363636364
0.5 0.0001220703125 0.463636363636364
0.5 0.00048828125 0.463636363636364
0.5 0.001953125 0.463636363636364
0.5 0.0078125 0.463636363636364
0.5 0.03125 0.463636363636364
0.5 0.125 0.463636363636364
0.5 0.5 0.563636363636364
0.5 2 0.9
0.5 8 0.890909090909091
2 3.0517578125E-05 0.463636363636364
2 0.0001220703125 0.463636363636364
2 0.00048828125 0.463636363636364
2 0.001953125 0.463636363636364
2 0.0078125 0.463636363636364
2 0.03125 0.463636363636364
2 0.125 0.663636363636364
2 0.5 0.909090909090909
2 2 0.927272727272727
2 8 0.945454545454545
8 3.0517578125E-05 0.463636363636364
8 0.0001220703125 0.463636363636364
8 0.00048828125 0.463636363636364
8 0.001953125 0.463636363636364
8 0.0078125 0.463636363636364
8 0.03125 0.672727272727273
8 0.125 0.918181818181818
8 0.5 0.918181818181818
8 2 0.936363636363636
8 8 0.963636363636364
32 3.0517578125E-05 0.463636363636364
32 0.0001220703125 0.463636363636364
32 0.00048828125 0.463636363636364
32 0.001953125 0.463636363636364
32 0.0078125 0.672727272727273
32 0.03125 0.909090909090909
32 0.125 0.890909090909091
32 0.5 0.927272727272727
32 2 0.945454545454545
32 8 0.945454545454545
128 3.0517578125E-05 0.463636363636364
128 0.0001220703125 0.463636363636364
128 0.00048828125 0.463636363636364
128 0.001953125 0.672727272727273
128 0.0078125 0.890909090909091
128 0.03125 0.9
128 0.125 0.918181818181818
128 0.5 0.954545454545455
128 2 0.927272727272727
128 8 0.936363636363636
512 3.0517578125E-05 0.463636363636364
512 0.0001220703125 0.463636363636364
512 0.00048828125 0.672727272727273
512 0.001953125 0.909090909090909
512 0.0078125 0.918181818181818
512 0.03125 0.927272727272727
512 0.125 0.918181818181818
512 0.5 0.881818181818182
512 2 0.918181818181818
512 8 0.954545454545455
2048 3.0517578125E-05 0.463636363636364
2048 0.0001220703125 0.672727272727273
2048 0.00048828125 0.909090909090909
2048 0.001953125 0.927272727272727
2048 0.0078125 0.963636363636364
2048 0.03125 0.936363636363636
2048 0.125 0.909090909090909
2048 0.5 0.936363636363636
2048 2 0.918181818181818
2048 8 0.936363636363636
8192 3.0517578125E-05 0.663636363636364
8192 0.0001220703125 0.9
8192 0.00048828125 0.9
8192 0.001953125 0.918181818181818
8192 0.0078125 0.936363636363636
8192 0.03125 0.909090909090909
8192 0.125 0.945454545454545
8192 0.5 0.936363636363636
8192 2 0.945454545454545
8192 8 0.936363636363636
32768 3.0517578125E-05 0.9
32768 0.0001220703125 0.918181818181818
32768 0.00048828125 0.936363636363636
32768 0.001953125 0.918181818181818
32768 0.0078125 0.945454545454545
32768 0.03125 0.936363636363636
32768 0.125 0.945454545454545
32768 0.5 0.918181818181818
32768 2 0.945454545454545
32768 8 0.918181818181818
